{
 "cells": [
  {
   "cell_type": "code",
   "execution_count": 1,
   "metadata": {},
   "outputs": [
    {
     "name": "stdout",
     "output_type": "stream",
     "text": [
      "cuda:0\n",
      "[[1. 0. 0. 0.]\n",
      " [0. 1. 0. 0.]\n",
      " [0. 0. 1. 0.]\n",
      " [0. 0. 0. 1.]]\n",
      "-0.21448510145150654 0.976727260423982 -1.4873152921047362e-16 -0.21448510145150654 -1.1961459131181928e-16 1.0\n",
      "[[ 1.00000000e+00  0.00000000e+00  0.00000000e+00  0.00000000e+00]\n",
      " [ 0.00000000e+00 -2.14485101e-01  9.76727260e-01 -1.48731529e-16]\n",
      " [ 0.00000000e+00 -9.76727260e-01 -2.14485101e-01 -1.19614591e-16]\n",
      " [ 0.00000000e+00 -1.48731529e-16  1.19614591e-16  1.00000000e+00]]\n",
      "-0.1847645355651712 0.9647021270621976 -0.18764826788184893 -0.21448510145150654 -0.15279380647463597 0.9702794341136646\n",
      "[[ 1.          0.          0.          0.        ]\n",
      " [ 0.         -0.90262163 -0.41640768 -0.10899012]\n",
      " [ 0.          0.38737879 -0.89624701  0.21605317]\n",
      " [ 0.         -0.18764827  0.15279381  0.97027943]]\n",
      "-0.09851209397047865 0.9289228256693415 -0.3569282158810619 -0.21448510145150654 -0.3018253223402955 0.8840269925189721\n",
      "[[ 1.          0.          0.          0.        ]\n",
      " [ 0.          0.51463139 -0.78204857  0.3515033 ]\n",
      " [ 0.          0.71726733  0.61728695  0.32324046]\n",
      " [ 0.         -0.46976814  0.08577215  0.87861313]]\n",
      "0.035829233393185 0.8702703613903989 -0.4912695432447255 -0.21448510145150654 -0.4434248970691221 0.7496856651553084\n",
      "[[ 1.          0.          0.          0.        ]\n",
      " [ 0.          0.52634967  0.77147153  0.35747406]\n",
      " [ 0.         -0.67030559  0.63515051 -0.38376326]\n",
      " [ 0.         -0.52311226 -0.0376232   0.85143294]]\n",
      "0.2051091813923981 0.7901889525522864 -0.5775219848394181 -0.21448510145150654 -0.5741058791892465 0.5804057171560955\n",
      "[[ 1.          0.          0.          0.        ]\n",
      " [ 0.         -0.70809826  0.45567451 -0.53940486]\n",
      " [ 0.         -0.41774303 -0.88621914 -0.20026582]\n",
      " [ 0.         -0.56928694  0.08352474  0.81788508]]\n",
      "0.3927574492742469 0.6906504692155565 -0.6072425507257533 -0.21448510145150654 -0.6906504692155566 0.3927574492742466\n",
      "[[ 1.          0.          0.          0.        ]\n",
      " [ 0.         -0.2652731  -0.95932401 -0.09657969]\n",
      " [ 0.          0.5696059  -0.2367473   0.78708312]\n",
      " [ 0.         -0.77793271  0.15377961  0.60923931]]\n",
      "0.5804057171560956 0.5741058791892463 -0.5775219848394179 -0.21448510145150654 -0.7901889525522864 0.20510918139239778\n",
      "[[ 1.          0.          0.          0.        ]\n",
      " [ 0.          0.45256443 -0.02285034  0.89143889]\n",
      " [ 0.          0.01196274  0.99973725  0.01955314]\n",
      " [ 0.         -0.89165146  0.00181499  0.45271887]]\n",
      "0.7496856651553087 0.4434248970691219 -0.4912695432447253 -0.21448510145150654 -0.8702703613903989 0.035829233393184834\n",
      "[[ 1.          0.          0.          0.        ]\n",
      " [ 0.         -0.0885233   0.98137224 -0.17050557]\n",
      " [ 0.         -0.44394596 -0.19210765 -0.87521805]\n",
      " [ 0.         -0.89167012 -0.00178194  0.45268224]]\n",
      "0.8840269925189723 0.30182532234029535 -0.3569282158810617 -0.21448510145150654 -0.9289228256693416 -0.09851209397047882\n",
      "[[ 1.          0.          0.          0.        ]\n",
      " [ 0.         -0.31360173 -0.39559482 -0.86322575]\n",
      " [ 0.         -0.02208724 -0.90579993  0.42312958]\n",
      " [ 0.         -0.94929769  0.15176044  0.27532283]]\n",
      "0.9702794341136648 0.15279380647463583 -0.18764826788184877 -0.21448510145150654 -0.9647021270621977 -0.18476453556517128\n",
      "[[ 1.          0.          0.          0.        ]\n",
      " [ 0.         -0.08185406 -0.79582293  0.59997149]\n",
      " [ 0.          0.03757029  0.59909981  0.79979241]\n",
      " [ 0.         -0.99593593  0.08800736 -0.01913945]]\n",
      "1.0 -5.980729565590964e-17 7.436576460523681e-17 -0.21448510145150654 -0.976727260423982 -0.21448510145150654\n",
      "[[ 1.          0.          0.          0.        ]\n",
      " [ 0.         -0.08185406  0.75670067  0.648617  ]\n",
      " [ 0.          0.03757029  0.65268107 -0.75670067]\n",
      " [ 0.         -0.99593593 -0.03757029 -0.08185406]]\n",
      "0.9702794341136645 -0.15279380647463614 0.18764826788184916 -0.21448510145150654 -0.9647021270621976 -0.18476453556517114\n",
      "[[ 1.          0.          0.          0.        ]\n",
      " [ 0.          0.15790972  0.47592797 -0.86519193]\n",
      " [ 0.         -0.00581426 -0.87572162 -0.48278136]\n",
      " [ 0.         -0.98743644  0.08126633 -0.13551779]]\n",
      "0.8840269925189721 -0.30182532234029547 0.3569282158810618 -0.21448510145150654 -0.9289228256693415 -0.09851209397047869\n",
      "[[ 1.          0.          0.          0.        ]\n",
      " [ 0.         -0.02556784 -0.95343715 -0.30050605]\n",
      " [ 0.         -0.44177322 -0.2588825   0.85896233]\n",
      " [ 0.         -0.89676235  0.15471734 -0.41458393]]\n",
      "0.7496856651553084 -0.443424897069122 0.49126954324472544 -0.21448510145150654 -0.8702703613903989 0.03582923339318497\n",
      "[[ 1.          0.          0.          0.        ]\n",
      " [ 0.         -0.58957509 -0.04568603  0.80642049]\n",
      " [ 0.         -0.02400396  0.99894914  0.039044  ]\n",
      " [ 0.         -0.80735681  0.00366208 -0.59005217]]\n",
      "0.5804057171560956 -0.5741058791892464 0.5775219848394181 -0.21448510145150654 -0.7901889525522864 0.2051091813923979\n",
      "[[ 1.          0.          0.          0.        ]\n",
      " [ 0.          0.09730419  0.98550206 -0.13898773]\n",
      " [ 0.          0.5821193  -0.16962675 -0.7952131 ]\n",
      " [ 0.         -0.80726019 -0.00352987 -0.59018516]]\n",
      "0.3927574492742466 -0.6906504692155566 0.6072425507257533 -0.21448510145150654 -0.6906504692155565 0.3927574492742469\n",
      "[[ 1.          0.          0.          0.        ]\n",
      " [ 0.          0.63445514 -0.37457064 -0.67613868]\n",
      " [ 0.         -0.37140834 -0.91487286  0.15831454]\n",
      " [ 0.         -0.67788091  0.15068007 -0.71956445]]\n",
      "0.2051091813923979 -0.7901889525522864 0.5775219848394181 -0.21448510145150654 -0.5741058791892464 0.5804057171560956\n",
      "[[ 1.          0.          0.          0.        ]\n",
      " [ 0.         -0.55633396 -0.80917481  0.18902024]\n",
      " [ 0.         -0.70767156  0.58059867  0.40262407]\n",
      " [ 0.         -0.43553816  0.09022919 -0.89563676]]\n",
      "0.03582923339318489 -0.8702703613903989 0.49126954324472544 -0.21448510145150654 -0.44342489706912197 0.7496856651553087\n",
      "[[ 1.          0.          0.          0.        ]\n",
      " [ 0.         -0.63127399  0.74153318  0.22720409]\n",
      " [ 0.          0.67771943  0.66986936 -0.3032679 ]\n",
      " [ 0.         -0.37708027 -0.03746451 -0.92542254]]\n",
      "-0.09851209397047872 -0.9289228256693415 0.3569282158810617 -0.21448510145150654 -0.3018253223402954 0.8840269925189721\n",
      "[[ 1.          0.          0.          0.        ]\n",
      " [ 0.          0.83211077  0.49593295 -0.24827844]\n",
      " [ 0.          0.44724851 -0.86475997 -0.22838336]\n",
      " [ 0.         -0.32796409  0.07899809 -0.94138136]]\n",
      "-0.18476453556517128 -0.9647021270621977 0.18764826788184885 -0.21448510145150654 -0.15279380647463586 0.9702794341136648\n",
      "tensor([[ 0.4968],\n",
      "        [ 0.0000],\n",
      "        [ 0.0000],\n",
      "        [-0.4968]], device='cuda:0', dtype=torch.float64)\n"
     ]
    }
   ],
   "source": [
    "import numpy as np\n",
    "import torch \n",
    "\n",
    "device = torch.device(\"cuda:0\" if torch.cuda.is_available() else \"cpu\")\n",
    "print(device)\n",
    "# Stoke vector for the input polarized light\n",
    "\n",
    "'''\n",
    "     z    |\n",
    "          |\n",
    "          |________ x\n",
    "      y  /\n",
    "'''\n",
    "\n",
    "\n",
    "s_in = np.array([[1,0,0,0]],dtype=\"float\")\n",
    "\n",
    "\n",
    "\n",
    "s_in_d =  torch.tensor(s_in,device=device).unsqueeze(0).unsqueeze(1)\n",
    "\n",
    "\n",
    "# Flatten the lattice and create the mesh coordinate values\n",
    "\n",
    "# Polarizer \n",
    "P_in = 0.5*np.array([[1,0,0,1],\n",
    "                     [0,0,0,0],\n",
    "                     [0,0,0,0],\n",
    "                     [1,0,0,1]])\n",
    "P_in_d =  torch.tensor(P_in,device=device)   \n",
    "\n",
    "#theoretical pure twist result \n",
    "def director(x,z,lam):\n",
    "     alpha  = (np.pi*x/lam) # Bottom Layer boundary \n",
    "     beta = np.pi/2 # Top layer boundary\n",
    "     P = 2      #   No of turns or pitch\n",
    "     q0 = 2*np.pi/P\n",
    "     return  alpha+ np.abs(beta-alpha)*z\n",
    "\n",
    "\n",
    "#Lattice configuration\n",
    "X_lim = lam = 60e-6\n",
    "z_lim = 14e-6\n",
    "# Calculate Mueller matrix for the jth particle\n",
    "N = 20\n",
    "wavelength = 0.545e-6\n",
    "n0 = 1\n",
    "nE = 1.5\n",
    "M = np.identity(4)\n",
    "for j in range(N):\n",
    "     print(M)\n",
    "     z = j/N\n",
    "     theta = np.pi/2 # change wrt to the problem\n",
    "     n_ej =  np.sqrt(n0**2 + (nE**2-n0**2)*np.cos(theta)**2)\n",
    "     delta = 2*np.pi*2*z_lim /N*(1/wavelength)*n0*((nE/n_ej)-1)\n",
    "     phi  = np.pi/2 - director(0,z,X_lim)\n",
    "     a = np.sin(2*phi)**2+(np.cos(2*phi)**2)*np.cos(delta)\n",
    "     b = -np.cos(2*phi)*np.sin(delta)\n",
    "     c = np.sin(2*phi)*np.cos(2*phi)*(1-np.cos(delta))\n",
    "     d = np.cos(delta)\n",
    "     e = -np.sin(2*phi)*np.sin(delta)\n",
    "     f = np.cos(2*phi)**2+(np.sin(2*phi)**2)*np.cos(delta)\n",
    "\n",
    "     print(a,b,c,d,e,f)\n",
    "     arr = np.array([[1.0,0.0,0.0,0.0],\n",
    "                   [0.0,a,b,c],\n",
    "                   [0.0,-b,d,e],\n",
    "                   [0.0,c,-e,f]])\n",
    "     M = M @ arr\n",
    "\n",
    "M = torch.tensor(M,device=device)\n",
    "# Analyzer \n",
    "P_out = 0.5*np.array([[1,0,0,-1],\n",
    "                      [0,0,0,0],\n",
    "                      [0,0,0,0],\n",
    "                      [-1,0,0,1]])\n",
    "P_out_d =  torch.tensor(P_out,device=device)    \n",
    "\n",
    "\n",
    "s_out_d = P_out_d @ M @ P_in_d @ s_in_d.T\n",
    "\n",
    "print(s_out_d)"
   ]
  },
  {
   "cell_type": "code",
   "execution_count": null,
   "metadata": {},
   "outputs": [],
   "source": []
  }
 ],
 "metadata": {
  "interpreter": {
   "hash": "31f2aee4e71d21fbe5cf8b01ff0e069b9275f58929596ceb00d14d90e3e16cd6"
  },
  "kernelspec": {
   "display_name": "Python 3.9.6 64-bit",
   "language": "python",
   "name": "python3"
  },
  "language_info": {
   "codemirror_mode": {
    "name": "ipython",
    "version": 3
   },
   "file_extension": ".py",
   "mimetype": "text/x-python",
   "name": "python",
   "nbconvert_exporter": "python",
   "pygments_lexer": "ipython3",
   "version": "3.8.10"
  },
  "orig_nbformat": 4
 },
 "nbformat": 4,
 "nbformat_minor": 2
}
